1925164
1920204
1925160
1925142
1924454
1924956
1888409
1921309
1908798
1923658
1920481
1918116
1923089
1920846
1913945
1912681
1924935
1924132
1925002
1924130
1924415
1923031
1917509
1924667
1924204
1924614
1921090
1924567
1922638
1915449
1924503
1924314
1888405
1894356
1919362
1924381
1917279
1915401
1922709
1924323
1923024
1924329
1924292
1924262
1920248
1886552
1899838
1899634
1923722
1895162
1905827
1924250
1923294
1923009
1923457
1923609
1921584
1920647
1920037
1900618
1896014
1916807
1916748
1916882
1920465
1898469
1923315
1919782
1923328
1922267
1923308
1923004
1918641
1923139
1919907
1908796
1898594
1898186
1896931
1915336
1903842
1908929
1900528
1923192
1922940
1916429
1910043
1892222
1891604
1891489
1917007
1903839
1923042
1903836
1922826
1903834
1922715
1903832
1899835
1906129
1895839
1891257
1917792
1916716
1915384
1918082
1920567
1889162
1914150
1903830
1922265
1922295
1920410
1918229
1922093
1920994
1917457
1902922
1897950
1922104
1920031
1896557
1919474
1922053
1921958
1921932
1921899
1921804
1921894
1914203
1920404
1921511
1920102
1908793
1902918
1892386
1921486
1914197
1920398
1913241
1920733
1913992
1908794
1919573
1921055
1916702
1920394
1915521
1910468
1920788
1920752
1917355
1916150
1913105
1892701
1913966
1920424
1919504
1918006
1920369
1915232
1920130
1912857
1909936
1896930
1895731
1919606
1918565
1898184
1913596
1906424
1917259
1919822
1917337
1918734
1913228
1919660
1919585
1917254
1917011
1916822
1913062
1895660
1916682
1915411
1914358
1907873
1908454
1918362
1918998
1910693
1919188
1918966
1912978
1918895
1914409
1918819
1893674
1917454
1914368
1898527
1897395
1890623
1915786
1905430
1913965
1918350
1892708
1891371
1916950
1905090
1902956
1900914
1912878
1918457
1912969
1911106
1917975
1917933
1890310
1896655
1915362
1913571
1910455
1886010
1891983
1915450
1912957
1917603
1917538
1917365
1917479
1909949
1911789
1913972
1899630
1898547
1894363
1912856
1916985
1912552
1910659
1888338
1916376
1911599
1906457
1917170
1917125
1916513
1912929
1916791
1891271
1897564
1890811
1901337
1889678
1915410
1904982
1916526
1916595
1893895
1892700
1916458
1914232
1914635
1913154
1912905
1916219
1901711
1896928
1889159
1884247
1912439
1907940
1903826
1901961
1915807
1898183
1894906
1911345
1909321
1902036
1901838
1916061
1904117
1903825
1912489
1911107
1914292
1915867
1903824
1910523
1913947
1914288
1903823
1915609
1915589
1915546
1903822
1882510
1904116
1895830
1892644
1892152
1908221
1891137
1896026
1912897
1914159
1911190
1905858
1903820
1907965
1914630
1914867
1908739
1909490
1896728
1894380
1910504
1908740
1915047
1913776
1915012
1914946
1899833
1912707
1900084
1913187
1914814
1914877
1912882
1909952
1913324
1914701
1914399
1914398
1914534
1914473
1912866
1914238
1908135
1913171
1913338
1891345
1895465
1910345
1909833
1913976
1910071
1913621
1913681
1901336
1896555
1912594
1888365
1911733
1913480
1908614
1913407
1911718
1913306
1913254
1895372
1872910
1913235
1889973
1889186
1912911
1911426
1897470
1891933
1890584
1910285
1903183
1900421
1877682
1912871
1911661
1909830
1908556
1906842
1912643
1910558
1912614
1911390
1905124
1904889
1890582
1910571
1906493
1905805
1903105
1877627
1905992
1911655
1877652
1912396
1910742
1912368
1912372
1911922
1912300
1912233
1908736
1900336
1901333
1908094
1912139
1912085
1909858
1907633
1898591
1896707
1888368
1877966
1910392
1907141
1912122
1891617
1890588
1911776
1905466
1898227
1897764
1892702
1890309
1877621
1910121
1906997
1906620
1909831
1911851
1908199
1911659
1911044
1899670
1911198
1907562
1911588
1910296
1911543
1911430
1910991
1900951
1911386
1911298
1894794
1911291
1908414
1907551
1911181
1907538
1911109
1911084
1911080
1910987
1901331
1911075
1911014
1907525
1910893
1909850
1909537
1904177
1877965
1909003
1904176
1910760
1904175
1907218
1910519
1910272
1904174
1910346
1908812
1904173
1910321
1905211
1901329
1895361
1876787
1907094
1904171
1901084
1910069
1909672
1905504
1900335
1909893
1907280
1909860
1909870
1909852
1908716
1904639
1909749
1909658
1907080
1909557
1909207
1909526
1909368
1894043
1909320
1901131
1909242
1909212
1906314
1909261
1908926
1901037
1901327
1907371
1904019
1908998
1906385
1894040
1907358
1905241
1901129
1906258
1908129
1908856
1873045
1900968
1908708
1908682
1897818
1907672
1907608
1890483
1877918
1907686
1908698
1908624
1868219
1905300
1908418
1906325
1901326
1908348
1906379
1908151
1907547
1905564
1908000
1903531
1907983
1904244
1925171
1925105
1925152
1924623
1919629
1915811
1908687
1925140
1924261
1923312
1920044
1905730
1891012
1923183
1918428
1913774
1896398
1921113
1917523
1925104
1924660
1924610
1924295
1919386
1918106
1915438
1924622
1921362
1921089
1917828
1901483
1924361
1913531
1924802
1924996
1923198
1922903
1920040
1891050
1924973
1923184
1924621
1921918
1917679
1916359
1919580
1924321
1920768
1919718
1920006
1917733
1915516
1924680
1922823
1918872
1924320
1924112
1924304
1918426
1921332
1920036
1896341
1924496
1924211
1924183
1923197
1922815
1922644
1921164
1920712
1918574
1912778
1911157
1906605
1905729
1896487
1892060
1924529
1922669
1922568
1918564
1918390
1917840
1917677
1912961
1912803
1908323
1906776
1905723
1923924
1915258
1924319
1876721
1924424
1924481
1922211
1918143
1902855
1924303
1924249
1924036
1923602
1899783
1898470
1895079
1893880
1893762
1879558
1914009
1913518
1901142
1919575
1924336
1920035
1901928
1924318
1924302
1924287
1924290
1923145
1924275
1910754
1917534
1916528
1924274
1923275
1922408
1920023
1919934
1912768
1897446
1904320
1920695
1923599
1920321
1919733
1918903
1915866
1893554
1904333
1904158
1918632
1923998
1923446
1923291
1923196
1920019
1919931
1922598
1922407
1910676
1900932
1924169
1923285
1920672
1923990
1920277
1923937
1922406
1920016
1919927
1917152
1923284
1919574
1923843
1920693
1919882
1918996
1921065
1922405
1920014
1919911
1910727
1923681
1923283
1921301
1920296
1919881
1918393
1904284
1923596
1922404
1910679
1922463
1923282
1894418
1882495
1922982
1922462
1916655
1912741
1911170
1910195
1906186
1903778
1902191
1896308
1923295
1921163
1919880
1919793
1917039
1908676
1907402
1906261
1905715
1900931
1911456
1913685
1891434
1916969
1913517
1923421
1923418
1897881
1923292
1919571
1897500
1879733
1922403
1918792
1915878
1913810
1910711
1901833
1923269
1918387
1923281
1919878
1923310
1915432
1923280
1923214
1923261
1922673
1919851
1917243
1891563
1913515
1892364
1886851
1921188
1912755
1919665
1922672
1922688
1899197
1915735
1923151
1923064
1895944
1922898
1921186
1905382
1922671
1919221
1921329
1921185
1922584
1922908
1922620
1919569
1921184
1916494
1916236
1900697
1922725
1922658
1922541
1921183
1915567
1897250
1922591
1922567
1922539
1882477
1922544
1922271
1922226
1921439
1921088
1920776
1919743
1910484
1891401
1886850
1922264
1917735
1914022
1911370
1910706
1900589
1917483
1891587
1921271
1921031
1911169
1906083
1904902
1897186
1891244
1889285
1922448
1921333
1921182
1920936
1917702
1902894
1901140
1919566
1913510
1922223
1917150
1922222
1922188
1922187
1911364
1891083
1921977
1911363
1921770
1920356
1922074
1921975
1922012
1921920
1921981
1921893
1921312
1921917
1921829
1921803
1921790
1912275
1897404
1921769
1921802
1921604
1921602
1921600
1921573
1921723
1921717
1915478
1921697
1921599
1921304
1921423
1921438
1921616
1921437
1915469
1921432
1906270
1921493
1915427
1921543
1921524
1921436
1921401
1920773
1912123
1919694
1920772
1920766
1895773
1920420
1916683
1899848
1921286
1919693
1920771
1920186
1911073
1919691
1916516
1921044
1920769
1920975
1912230
1913233
1920583
1919361
1919688
1915367
1920859
1920392
1920371
1915433
1902542
1915734
1906553
1919686
1920665
1897796
1895557
1920391
1920374
1911072
1900628
1911615
1906189
1920566
1913959
1915397
1891173
1920361
1919684
1919305
1916902
1879535
1920393
1919461
1918661
1913499
1912876
1912225
1920542
1920395
1915327
1920390
1905184
1919815
1919478
1920279
1919814
1914886
1906999
1920087
1905378
1911071
1914164
1919956
1912113
1919475
1917511
1917772
1915156
1893487
1876627
1920107
1920105
1919557
1911069
1917223
1907442
1919811
1913496
1919983
1913931
1913279
1907234
1917770
1919471
1916265
1907169
1912538
1919808
1919817
1917767
1912916
1918687
1908069
1918981
1914401
1919825
1918182
1912224
1919853
1919832
1919807
1917765
1912107
1918979
1919484
1919667
1912875
1919591
1917763
1915197
1918978
1919482
1897519
1891944
1886916
1919346
1918975
1918669
1916354
1913210
1911803
1911068
1901649
1898082
1891029
1918443
1918299
1915439
1914397
1913973
1911262
1911152
1907401
1906929
1905392
1911755
1894990
1910333
1897359
1919090
1919291
1919022
1919031
1915892
1912223
1897438
1892517
1891322
1890068
1917762
1917471
1916903
1913493
1912903
1912872
1901138
1919219
1918976
1917855
1917850
1918882
1917849
1911745
1906442
1910542
1913654
1911327
1895570
1918008
1914089
1903939
1916160
1917846
1918010
1914879
1914345
1911067
1881414
1916553
1914017
1906405
1904030
1912383
1918611
1915323
1915885
1915727
1891147
1917844
1912867
1918420
1916292
1911948
1908079
1915782
1913491
1912220
1917442
1912861
1918171
1916755
1912274
1910080
1918148
1918064
1917276
1917863
1918054
1917843
1917878
1896328
1892664
1915317
1912908
1911611
1911168
1911065
1904774
1902604
1896548
1896500
1895824
1882486
1917607
1916658
1915725
1913665
1913064
1912612
1905714
1904931
1917822
1911377
1891857
1915419
1893919
1894854
1879534
1917553
1917105
1916643
1913953
1912219
1896630
1895723
1895076
1892345
1892264
1913482
1904199
1917717
1917714
1917701
1917605
1916496
1916503
1917364
1916009
1905713
1900741
1911108
1913950
1911361
1917473
1915507
1910522
1915865
1915855
1913700
1916500
1917218
1916790
1915458
1912779
1911603
1897874
1895912
1915648
1913867
1913280
1911187
1908283
1911920
1917385
1917308
1915315
1917343
1916639
1915864
1915854
1915661
1912142
1916499
1913602
1913964
1911000
1910834
1912894
1897485
1915863
1915853
1916912
1916498
1911800
1917065
1915670
1911916
1906595
1916965
1915862
1915852
1916495
1915456
1912652
1909951
1915860
1911957
1915851
1916371
1916664
1916407
1911567
1891209
1916603
1915404
1912859
1905278
1882513
1916421
1914350
1913949
1911593
1907400
1906256
1906029
1904146
1916662
1915452
1916431
1910330
1897319
1894110
1916293
1916142
1915859
1913993
1911910
1911365
1897436
1897122
1896981
1896968
1891837
1891191
1915849
1913936
1911787
1911300
1906488
1903768
1902464
1901141
1900072
1915779
1916510
1916448
1916406
1910209
1916405
1916216
1916280
1916215
1900947
1891560
1915635
1913230
1914116
1911241
1901859
1912777
1904261
1904189
1912521
1904897
1916266
1910203
1901489
1915721
1914120
1913178
1901137
1916207
1914115
1915960
1914389
1913526
1916038
1915930
1915387
1914388
1914114
1913852
1911904
1914334
1915700
1915696
1914113
1912104
1899850
1914387
1908490
1915451
1915585
1915559
1914112
1897218
1892266
1915501
1914386
1915155
1915360
1915447
1915394
1915203
1915139
1914007
1911475
1910200
1900140
1896187
1893989
1893545
1913448
1911852
1910701
1908347
1901645
1890273
1895719
1914110
1913899
1912892
1906431
1894689
1891239
1878203
1914385
1911896
1907482
1907439
1915343
1915154
1904905
1915153
1914920
1910197
1925162
1924746
1920100
1925159
1924937
1915566
1911544
1925158
1925151
1925149
1924777
1925124
1924983
1896702
1925114
1925097
1925044
1924812
1924771
1921157
1911454
1909400
1906241
1903712
1903479
1895763
1925110
1924059
1919795
1916993
1915961
1900507
1925135
1924136
1924705
1921428
1924882
1925094
1921447
1925056
1924431
1919532
1910720
1925075
1925065
1925017
1915874
1914998
1912991
1919735
1924761
1923731
1917228
1925071
1925053
1925050
1912917
1919356
1924271
1924987
1921311
1899546
1915529
1914986
1923678
1924806
1924845
1924782
1919325
1924810
1924044
1914170
1924769
1924509
1924742
1924045
1924703
1923677
1924673
1924572
1924085
1923205
1921122
1920289
1909011
1924655
1924647
1924624
1924322
1923136
1924616
1924608
1923271
1924306
1924578
1922663
1924573
1924518
1924472
1924324
1901730
1919754
1924500
1924420
1923929
1924241
1924388
1924333
1910762
1924340
1924334
1924327
1924296
1924294
1924289
1896633
1923800
1911541
1924283
1923288
1920343
1924270
1917554
1924267
1924278
1915159
1924143
1922648
1924079
1923626
1915553
1914336
1916814
1902367
1924265
1924264
1924214
1914047
1902930
1924257
1924247
1921448
1914659
1912684
1902427
1902266
1902109
1901251
1900097
1920112
1918365
1913943
1913756
1905376
1921219
1902363
1924191
1898402
1921169
1899748
1902923
1902423
1924100
1924076
1918769
1902264
1922530
1923966
1923976
1923926
1923157
1902140
1901212
1897300
1923838
1914664
1923833
1923790
1923728
1923212
1923747
1923714
1923701
1923490
1902180
1923694
1902106
1923663
1924406
1916173
1891619
1923742
1922120
1921896
1915980
1900847
1905631
1924297
1915776
1915375
1924403
1920020
1911826
1903556
1923739
1924999
1924401
1924187
1923738
1917017
1916627
1892418
1924399
1924760
1923737
1917200
1915557
1924398
1924615
1919609
1923144
1906433
1897263
1923735
1922583
1921276
1924554
1922401
1924471
1916739
1897366
1895127
1891984
1924397
1922732
1918337
1917311
1911998
1906021
1904017
1893785
1924380
1918002
1896542
1923734
1923055
1906925
1924208
1924140
1921143
1924328
1924138
1924137
1920635
1913112
1898280
1918543
1920908
1915775
1913704
1904276
1915600
1899825
1891287
1924134
1923180
1919610
1915541
1923916
1917664
1923007
1921037
1923837
1923006
1918630
1916473
1904810
1923005
1920828
1923610
1915769
1897934
1897363
1923517
1917230
1910521
1899621
1893848
1916752
1908284
1907407
1904118
1904110
1891491
1918093
1916910
1922529
1923061
1895084
1891510
1922078
1918183
1904215
1902862
1923299
1923307
1921061
1921052
1910620
1907450
1900784
1913548
1913137
1899908
1920612
1917249
1921057
1918674
1923045
1922963
1897360
1921043
1920400
1911414
1922577
1921042
1919340
1922712
1900975
1919988
1913971
1912318
1917156
1916854
1913682
1914233
1913657
1912587
1905336
1911788
1906771
1911164
1911183
1910598
1908209
1906509
1904275
1905258
1906901
1904288
1904273
1903243
1882200
1898408
1895720
1892086
1882191
1899746
1900042
1882658
1897487
1879492
1893654
1893678
1894297
1894348
1892038
1902613
1891969
1891569
1891550
1892642
1892549
1897444
1896031
1893697
1898249
1892182
1892305
1893730
1893618
1894127
1874981
1891579
1889474
1889446
1889118
1885663
1886730
1888216
1882539
1881046
1884278
1879717
1883348
1880003
1880659
1880412
1882875
1875709
1878586
1875795
1864413
1875225
1872280
1861737
1864411
1874421
1866243
1873934
1874839
1871217
1871287
1864409
1866496
1864404
1869428
1868390
1864517
1864303
1861103
1851955
1858707
1850108
1846840
1845411
1844387
1842270
1846820
1841602
1842946
1844210
1844209
1842713
1844208
1822888
1844368
1842297
1843834
1840733
1842318
1842848
1837877
1834882
1835388
1837898
1842273
1837933
1837887
1839550
1839495
1837917
1840731
1840904
1834291
1837380
1821445
1833917
1824320
1831344
1824727
1822880
1821442
1834244
1819697
1832194
1821438
1819161
1818966
1819093
1824071
1828761
1826044
1819387
1831101
1820447
1825150
1819022
1819066
1819045
1821419
1816534
1817052
1823403
1817042
1816525
1815732
1818958
1815698
1823385
1819013
1814418
1819755
1817063
1817071
1803396
1819229
1804580
1804611
1804695
1796086
1803371
1803345
1809903
1798757
1796083
1801105
1808010
1803367
1803322
1801891
1804222
1799236
1801080
1800552
1804707
1803409
1798768
1796081
1800508
1799207
1799178
1803254
1803395
1789496
1789927
1797042
1803217
1798289
1795879
1795826
1789926
1785427
1802176
1793276
1799746
1795781
1789925
1794918
1795637
1793275
1789921
1791452
1793222
1789867
1789553
1791012
1783665
1784543
1781558
1788783
1791309
1781556
1781552
1787851
1781548
1781807
1781954
1780256
1781543
1781537
1776967
1781533
1782669
1770464
1776635
1780037
1764517
1770842
1775176
1779252
1775985
1768036
1766609
1769408
1770533
1768044
1769749
1752551
1764559
1757713
1764869
1757518
1764726
1749749
1757437
1764927
1757530
1758921
1751351
1749746
1752521
1751328
1759767
1752450
1749743
1751333
1749737
1748613
1749732
1746546
1747748
1748606
1747725
1746582
1747682
1741152
1740188
1742791
1741203
1737232
1736562
1745740
1744283
1730090
1740194
1742861
1736268
1744334
1731336
1745819
1739446
1737212
1733901
1716020
1720476
1736257
1732502
1733889
1738263
1739579
1733870
1720481
1737243
1729690
1728357
1736283
1732379
1728817
1925166
1925166
1720475
1736300
1729713
1720665
1735589
1733894
1733910
1728835
1735771
1728383
1727100
1724236
1732067
1730584
1720616
1725207
1725631
1723323
1724349
1721389
1721157
1716691
1716318
1716120
1718816
1719445
1711784
1712156
1714785
1716805
1714574
1711765
1718086
1704676
1704685
1704643
1704696
1704712
1702921
1704718
1702994
1704766
1709188
1709356
1704747
1711629
1704667
1704122
1704756
1700481
1704091
1704191
1706240
1702677
1704675
1703027
1705407
1704661
1703007
1704398
1695398
1700967
1697206
1693199
1685042
1685108
1690588
1697196
1689606
1698893
1693275
1683352
1698548
1690565
1701683
1693211
1685043
1693253
1689747
1692787
1692767
1689685
1695376
1690633
1687327
1690227
1685102
1685041
1685019
1696204
1692810
1693305
1685726
1683349
1692737
1690653
1685040
1687266
1685730
1693738
1683980
1684558
1687281
1684256
1687314
1685933
1685720
1685745
1686099
1683917
1683344
1679261
1687652
1682269
1685039
1683898
1681981
1680190
1682003
1678184
1678638
1678687
1674591
1680776
1673767
1676327
1679144
1668404
1678235
1652313
1677111
1673546
1670333
1672066
1667046
1665524
1666311
1677032
1664246
1652312
1674373
1672092
1665225
1667167
1670849
1668168
1676122
1673183
1669756
1666748
1667131
1665406
1670793
1665616
1665289
1662124
1661995
1670722
1652311
1659246
1664111
1666765
1664043
1665971
1663914
1653361
1661963
1662263
1654810
1662117
1653360
1661594
1661634
1653359
1663045
1664690
1653357
1652310
1658161
1655471
1652309
1651095
1658112
1658581
1654607
1639555
1651996
1650521
1657791
1657560
1649694
1646890
1649872
1639554
1649794
1645828
1648180
1636123
1644122
1648336
1639553
1646667
1639381
1644684
1651838
1643627
1642585
1639550
1642642
1643387
1635996
1636046
1640700
1645478
1639351
1640016
1642546
1632301
1632069
1639982
1638284
1635712
1634557
1637661
1629658
1632325
1633373
1628648
1626157
1624635
1626295
1622313
1626955
1615363
1619932
1626328
1618626
1621471
1616576
1601688
1618444
1604218
1624733
1618163
1624285
1618328
1620324
1616523
1612899
1609714
1621600
1621592
1618306
1619992
1617365
1611595
1620924
1620475
1612349
1619031
1619036
1614898
1617643
1616557
1615020
1612632
1617066
1606678
1607514
1609897
1603781
1611826
1609954
1607470
1603425
1605014
1602209
1598264
1597457
1594788
1592410
1597521
1597311
1594419
1572721
1593285
1592927
1591503
1593907
1591435
1589594
1580994
1588457
1586693
1580993
1593886
1588745
1593293
1580992
1586207
1584363
1584752
1581732
1589555
1580472
1587305
1586692
1586339
1580471
1583853
1565939
1570786
1561319
1575441
1561318
1572604
1581003
1580667
1574595
1578611
1568988
1569460
1570266
1566535
1566552
1576151
1561311
1548735
1568265
1574513
1572690
1567896
1563582
1561309
1565094
1563821
1564256
1564312
1570496
1570066
1563818
1563184
1537940
1569557
1568179
1562520
1537937
1557374
1556503
1557102
1557117
1564503
1537935
1563527
1556473
1562487
1560999
1550016
1554166
1544175
1537944
1545927
1545366
1557352
1547424
1552543
1544156
1556266
1549946
1549925
1545539
1537943
1546347
1546374
1546352
1545359
1552162
1551282
1555055
1548093
1546416
1546198
1549735
1547515
1541962
1545962
1551429
1545356
1549130
1546369
1549655
1545341
1544151
1533690
1545338
1548530
1540214
1547485
1546334
1541569
1546003
1538204
1544732
1538231
1535879
1544053
1543677
1535055
1537084
1530655
1532571
1526322
1530800
1528967
1526764
1527192
1527557
1524589
1515547
1517507
1504622
1519188
1514997
1491417
1524518
1516667
1509486
1516570
1516592
1520587
1520571
1523200
1509107
1519241
1514621
1515369
1509483
1510125
1519632
1513396
1511198
1511704
1513300
1510592
1509478
1519687
1511192
1511186
1496239
1513248
1511618
1513611
1498457
1508837
1513145
1508393
1499039
1506321
1512202
1499037
1499034
1504783
1499032
1508291
1499029
1509505
1498928
1499028
1499025
1499024
1499129
1501468
1485802
1501944
1499978
1495058
1498541
1497761
1493785
1502549
1498297
1495969
1491530
1493437
1495090
1497601
1497483
1497603
1485984
1493526
1487472
1485739
1487545
1485024
1485736
1482231
1490650
1485971
1485182
1482648
1492992
1492984
1490858
1487186
1486228
1482226
1482668
1466756
1482219
1484726
1482157
1477416
1484007
1478485
1463791
1483388
1474599
1471756
1477971
1475980
1463790
1470643
1465874
1463789
1465770
1463293
1458470
1472526
1472539
1469604
1465869
1463787
1466219
1467260
1456817
1464293
1463786
1461644
1464744
1450217
1456871
1458141
1456470
1458203
1458328
1452611
1454636
1453755
1454625
1454176
1455234
1447118
1106778
1453297
1452172
1447213
1453183
1453125
1453276
1447229
1449473
1449658
1438956
1443006
1446427
1442473
1437670
1433971
1446046
1439521
1440549
1440812
1431739
1425959
1435682
1432637
1435225
1431943
1432666
1432423
1430698
1423879
1429655
1433880
1429767
1439020
1429362
1435841
1431640
1433782
1425370
1431544
1429652
1427595
1425115
1432386
1417738
1412327
1424215
1426253
1426234
1426223
1419040
1423896
1419031
1411787
1419623
1421532
1417473
1426112
1419628
1424530
1417693
1415858
1415802
1412318
1421008
1417396
1419839
1420777
1419148
1418882
1413330
1411521
1415826
1411441
1412417
1415803
1411503
1414723
1414576
1414453
1414405
1415565
1414935
1407257
1406671
1401500
1413930
1407247
1412849
1406191
1413357
1406273
1412324
1403186
1405301
1407460
1406535
1402172
1405311
1409263
1409215
1409732
1405282
1405052
1407437
1400367
1402981
1403235
1400323
1404512
1400911
1402655
1398700
1398728
1383024
1395511
1395578
1393581
1401146
1401446
1393830
1392080
1383023
1394079
1398160
1393339
1392371
1380864
1395810
1396430
1395169
1391122
1394309
1383022
1393051
1387502
1387892
1385170
1394710
1387903
1387277
1385225
1392531
1386826
1389228
1390585
1386850
1383021
1383817
1384176
1380849
1388998
1384168
1380831
1388736
1380383
1378645
1380680
1380435
1377821
1383532
1376962
1381954
1376636
1925174
1925085
1923512
1924343
1923510
1924312
1923507
1923505
1901539
1924346
1923504
1918004
1891638
1921131
1922382
1920871
1920784
1920376
1904849
1891367
1891116
1878867
1923717
1922375
1919169
1916726
1912659
1905436
1901485
1891108
1923565
1923502
1897368
1889133
1918112
1918003
1905232
1923317
1900164
1923676
1922578
1922925
1895178
1905198
1886943
1887080
1886757
1886017
1921355
1917397
1911732
1902451
1895311
1894420
1892521
1888349
1886867
1886858
1881321
1878374
1922729
1921544
1919892
1919775
1918001
1916613
1915923
1915549
1913524
1912852
1903761
1922183
1891715
1918481
1923427
1885776
1885732
1919130
1905399
1905024
1903121
1886920
1881586
1922581
1905262
1921967
1923298
1923276
1923199
1892211
1912962
1910404
1895205
1919869
1920783
1917819
1917198
1916718
1914088
1918283
1905478
1922281
1920845
1908082
1920963
1912956
1919006
1902612
1922149
1922136
1921856
1920294
1921987
1917427
1915797
1910425
1920998
1921574
1910417
1921501
1920777
1919946
1910415
1919044
1919791
1919368
1920679
1894083
1885225
1882519
1917394
1913507
1910413
1908419
1891971
1903529
1920381
1894419
1911525
1895996
1895239
1919642
1920310
1920141
1916853
1911956
1891546
1913570
1919835
1917167
1910409
1919792
1891545
1919918
1906365
1916646
1915431
1912604
1892577
1913224
1896723
1895501
1917250
1913131
1912949
1912837
1911500
1910408
1896192
1895742
1890280
1911505
1907848
1902941
1901537
1918037
1917827
1916897
1915443
1911070
1896972
1896657
1896401
1912752
1894748
1891543
1911459
1910352
1902735
1918031
1916864
1918928
1918349
1918571
1913513
1916721
1895233
1891500
1871161
1916747
1902903
1902712
1916298
1910422
1916746
1918070
1916744
1904979
1916743
1915534
1900687
1916741
1897230
1898319
1917537
1912711
1911208
1910531
1910412
1897252
1896161
1894296
1890279
1889701
1913718
1912930
1911492
1906780
1902951
1902851
1917061
1916855
1916729
1913143
1896880
1895408
1895192
1916740
1917604
1900163
1896720
1916817
1886261
1915380
1913849
1910418
1916727
1917056
1915409
1915079
1895310
1916010
1886458
1908110
1915144
1896110
1890276
1883065
1916199
1915510
1915217
1911557
1910410
1897887
1897467
1896549
1894027
1891383
1891162
1888666
1887055
1886984
1886175
1885539
1885443
1878866
1914440
1913196
1911303
1911235
1910279
1909083
1906456
1904098
1903546
1902660
1916456
1895313
1892670
1912184
1889389
1887068
1886243
1915895
1894705
1891539
1887097
1913498
1912401
1911259
1905255
1902498
1914733
1916422
1916330
1891536
1902661
1910423
1911508
1895732
1915587
1915485
1895835
1915148
1910419
1899968
1894038
1911490
1911217
1904009
1915287
1913981
1913801
1911421
1910923
1897184
1894744
1891533
1889130
1902836
1900083
1893821
1915158
1915101
1906496
1914690
1909558
1913294
1906391
1914890
1910920
1913784
1913388
1912240
1912904
1913446
1895191
1910391
1911963
1907329
1913476
1877914
1911542
1913219
1911597
1910985
1912541
1910697
1892574
1895754
1895309
1894108
1878535
1876432
1875412
1911605
1907348
1906823
1905814
1903942
1912084
1911530
1875185
1895910
1911861
1910180
1904161
1897080
1878378
1876732
1904027
1901146
1911445
1911133
1874255
1910446
1906065
1906967
1910445
1911429
1910444
1900404
1910443
1907767
1908282
1911452
1910442
1892504
1891978
1911087
1906255
1891379
1891110
1890337
1875410
1872351
1908269
1907405
1906970
1900778
1911140
1895490
1874124
1910441
1899742
1891532
1874254
1908090
1900654
1893819
1911128
1902689
1909399
1894958
1907361
1909556
1906150
1909703
1909873
1906969
1909696
1871629
1875403
1897876
1880517
1875567
1909872
1907544
1881763
1891544
1905751
1909941
1909026
1909019
1909401
1909137
1909075
1908921
1908671
1907671
1907723
1907127
1907364
1897032
1907346
1907126
1908637
1906002
1908092
1886939
1871881
1907093
1906691
1872892
1870392
1906137
1905351
1905249
1903996
1903068
1895129
1891898
1886879
1886067
1878526
1875397
1907704
1906528
1903876
1903288
1907125
1907366
1906980
1899517
1891935
1889565
1905089
1906908
1906027
1905928
1905586
1897279
1890315
1905927
1907095
1906956
1905925
1894979
1905924
1903978
1898206
1883450
1904732
1874284
1901932
1906751
1905923
1890312
1875374
1902954
1902944
1899903
1886256
1878524
1877807
1875228
1874283
1864363
1906432
1905731
1902606
1901907
1901564
1901532
1906020
1902580
1905913
1904470
1902125
1890530
1905922
1904971
1906668
1879133
1899861
1905317
1906229
1905969
1902038
1906435
1906307
1900783
1905506
1868565
1885207
1904950
1901800
1879670
1902465
1864393
1904709
1904200
1902517
1901671
1899911
1895782
1884192
1867112
1866287
1865470
1904956
1904211
1902716
1901620
1900087
1894870
1891960
1883756
1876408
1872522
1870563
1870184
1870062
1866686
1903554
1903097
1901982
1901955
1901572
1901028
1904784
1885064
1899823
1904965
1877430
1877103
1866920
1904552
1904783
1870748
1896694
1892352
1897270
1876277
1898011
1905030
1905041
1897992
1870281
1899721
1898424
1897392
1890909
1877928
1876768
1904758
1903988
1899863
1897919
1870765
1904678
1904721
1864595
1877053
1904074
1904113
1903940
1877921
1875992
1883672
1904713
1904431
1874436
1894811
1902368
1904630
1874435
1879055
1901529
1879039
1877904
1902505
1874433
1903396
1924630
1923718
1919163
1924373
1923580
1891531
1924791
1924718
1924628
1924350
1923668
1923531
1923478
1919657
1923358
1923538
1919511
1924475
1923716
1923559
1923553
1923527
1919271
1919069
1918921
1918578
1925054
1923567
1919201
1918716
1918151
1917179
1908098
1907197
1923422
1924342
1923779
1922602
1919612
1907403
1899985
1925051
1924715
1919326
1919256
1916618
1912890
1901553
1923853
1923354
1923537
1925026
1925001
1923776
1923711
1919270
1919162
1893813
1924699
1924568
1924372
1924307
1923526
1919659
1919536
1919506
1918254
1916610
1925006
1886860
1924632
1898239
1924965
1924871
1924790
1924714
1924697
1924349
1923770
1923540
1919315
1919254
1919200
1910616
1919510
1924414
1924407
1923347
1895392
1924855
1924473
1924353
1923852
1923710
1924371
1923555
1923535
1919007
1918499
1918030
1916611
1914249
1913912
1924824
1924070
1922393
1924309
1923468
1894175
1924690
1919316
1919214
1910767
1891022
1923768
1923525
1922435
1919296
1919066
1918781
1917405
1915965
1924405
1923324
1913911
1924560
1923851
1923707
1923137
1915981
1900873
1924625
1924479
1924370
1923344
1922474
1919680
1919633
1919198
1918221
1916614
1915495
1903937
1903336
1901108
1923533
1924631
1924352
1922391
1919509
1924617
1919242
1919160
1910734
1896463
1895644
1924612
1924453
1923762
1923551
1922338
1920218
1919741
1919679
1919057
1924559
1923704
1919268
1900830
1894862
1924369
1923757
1919097
1913910
1910615
1923343
1923532
1924412
1924404
1924068
1899536
1882508
1923850
1923459
1923090
1922390
1912064
1895103
1891002
1886681
1924527
1924382
1923755
1923440
1922433
1920427
1919729
1919295
1919197
1919149
1917178
1916260
1916089
1913764
1905570
1901974
1900480
1923326
1924466
1919067
1918497
1923703
1919267
1913035
1897653
1894837
1894214
1924368
1924367
1924305
1919408
1919034
1918780
1903147
1900782
1915330
1924062
1919460
1924308
1923665
1919134
1922336
1919157
1919251
1915473
1923700
1920735
1924330
1919345
1922397
1922389
1922392
1922381
1923119
1922386
1922372
1923329
1922377
1923878
1923481
1922554
1922368
1923114
1919151
1923357
1922575
1923480
1923433
1922553
1919246
1916136
1922369
1922354
1919501
1923412
1923113
1920423
1919265
1919065
1918338
1923469
1922569
1922488
1919195
1918715
1918576
1918251
1918141
1917177
1908097
1907316
1920416
1894719
1919605
1899983
1897244
1895977
1895973
1895677
1924205
1923479
1922574
1922573
1919248
1917907
1916597
1915848
1913049
1911939
1907783
1907404
1905112
1924028
1919656
1922365
1919145
1922349
1923110
1919498
1919264
1919091
1924154
1923863
1923355
1922571
1922487
1919505
1918336
1918243
1913908
1907798
1919290
1923467
1924066
1912062
1910246
1907399
1904349
1923587
1923476
1923345
1919237
1919194
1923108
1924013
1923922
1922359
1919428
1895142
1923411
1919497
1918332
1917905
1895256
1888420
1923353
1922344
1919004
1918495
1918028
1913891
1923932
1922383
1919020
1923759
1923616
1919314
1916134
1911432
1895739
1923845
1922566
1922427
1922355
1919677
1918779
1917401
1916114
1907011
1923832
1895920
1895400
1923713
1923333
1919261
1919138
1918331
1912061
1896387
1923709
1923656
1923351
1922351
1919192
1919109
1918211
1917904
1916596
1915494
1912757
1922341
1922380
1895765
1922559
1919239
1901916
1923603
1922333
1920644
1919739
1919652
1897399
1923106
1919260
1923566
1923350
1923097
1922557
1919604
1918330
1922346
1922340
1923562
1923524
1923085
1922373
1920407
1919865
1917901
1915833
1906470
1894342
1891976
1891530
1891402
1889355
1923337
1922980
1922572
1922420
1919285
1919284
1919191
1919142
1917175
1915976
1915962
1913758
1912879
1911634
1903497
1903139
1899980
1919063
1894197
1923349
1923332
1923133
1923103
1919258
1919030
1918778
1918491
1894212
1875276
1923395
1923391
1922352
1919407
1918329
1916131
1913029
1904089
1900828
1915325
1919457
1919124
1919135
1915472
1902807
1922555
1922332
1919231
1920734
1919342
1919396
1922317
1922329
1922315
1922325
1922313
1922320
1922310
1922695
1922318
1920844
1919224
1923115
1919133
1922432
1921245
1923051
1922692
1922277
1920843
1919402
1919222
1919190
1916130
1907503
1900895
1922306
1922316
1919394
1919253
1922471
1921180
1921168
1919916
1919062
1917173
1922437
1921241
1921234
1918713
1918134
1903708
1920412
1901105
1923185
1922550
1922429
1919603
1918919
1915770
1914138
1907616
1895733
1922691
1919318
1919217
1918741
1918573
1918120
1917889
1916589
1912914
1907385
1907196
1919648
1922305
1922314
1922932
1919860
1919391
1919250
1919128
1919076
1923079
1923050
1922792
1922545
1922428
1921178
1921167
1919503
1918240
1916586
1913882
1904249
1919490
1919215
1923038
1923037
1922690
1922543
1922409
1919601
1919185
1903138
1922422
1922955
1922327
1922470
1919388
1919247
1918490
1917885
1915492
1895736
1922426
1922312
1921243
1921176
1918027
1913881
1906204
1922758
1922370
1922415
1922396
1896854
1922786
1919168
1916129
1904348
1922747
1921166
1920657
1916757
1916111
1914246
1907008
1903026
1901680
1919487
1922538
1921174
1919387
1916948
1915491
1903707
1898236
1889978
1922627
1922425
1922321
1919453
1919435
1919186
1918110
1917956
1917882
1916584
1907795
1907303
1907192
1906450
1922309
1922710
1920174
1922364
1922670
1919452
1919233
1919118
1910732
1922330
1922035
1920560
1919734
1919675
1919646
1919054
1921173
1919385
1919238
1915488
1922421
1922033
1919599
1919095
1913883
1900825
1922303
1922357
1922307
1919182
1922536
1897495
1895279
1920726
1920406
1919131
1913754
1897216
1894918
1922410
1922395
1920555
1920128
1919529
1919002
1918775
1917481
1917171
1913636
1913033
1912883
1912162
1912060
1910653
1906465
1905247
1922466
1920380
1919059
1894836
1892620
1922418
1919383
1919241
1919236
1918488
1916128
1913024
1897652
1894778
1894211
1894196
1922438
1922342
1921171
1919674
1919406
1919029
1917066
1910610
1900777
1915319
1919455
1919122
1919105
1922301
1922032
1919210
1915471
1920731
1919382
1919339
1921521
1921530
1921519
1921529
1921516
1921527
1921514
1921851
1921526
1917010
1921797
1920942
1921775
1920887
1921850
1920304
1919820
1919373
1915415
1911999
1913847
1921513
1921525
1913735
1902806
1921216
1921126
1920956
1920944
1920938
1918712
1912796
1915468
1903705
1921849
1921139
1920886
1916492
1896614
1921215
1921036
1920950
1918570
1916201
1915742
1920969
1921512
1921523
1922081
1918357
1917005
1913844
1921796
1921152
1921035
1919050
1911964
1920885
1915326
1922051
1920914
1920830
1919819
1916342
1920551
1921795
1921034
1920928
1920755
1921949
1921848
1921033
1920852
1916344
1911978
1917000
1921794
1921032
1920548
1917724
1913653
1920751
1921974
1920797
1919818
1917736
1921944
1921847
1921125
1921030
1920767
1920640
1915668
1915320
1900823
1921793
1920444
1919500
1920544
1920749
1917622
1921900
1921846
1921214
1921028
1920825
1916824
1913650
1921891
1913733
1913006
1921792
1921211
1921136
1918213
1911976
1920539
1920748
1915607
1916998
1919816
1920534
1920741
1920528
1920738
1920524
1920732
1920520
1920877
1920729
1921785
1916995
1921446
1920409
1913804
1902804
1920883
1921284
1920823
1920598
1919812
1911996
1920506
1920721
1921750
1913731
1921209
1921137
1920460
1918711
1912934
1921283
1921027
1920882
1921208
1920822
1916335
1915738
1921703
1920403
1920502
1920717
1916992
1921445
1921132
1921026
1919486
1920821
1919810
1915785
1921025
1920498
1915316
1921444
1920715
1916820
1921024
1921281
1920850
1920820
1916338
1911974
1905962
1916988
1921443
1921020
1920491
1913645
1920714
1920411
1920795
1917734
1917639
1915312
1921280
1921135
1920858
1919806
1915667
1896612
1921442
1921016
1923548
1891158
1917366
1924601
1924084
1924938
1912923
1923492
1924873
1908294
1922948
1914753
1911627
1919292
1911547
1924075
1923561
1920750
1893635
1924120
1922082
1917147
1920089
1922999
1920003
1912921
1916372
1922705
1904206
1891148
1916132
1913001
1921078
1907229
1921662
1921557
1887592
1916016
1920841
1908586
1920667
1919913
1919624
1895200
1920120
1917655
1896303
1916026
1916816
1917136
1895202
1916608
1910268
1915222
1914741
1918454
1917518
1917260
1916013
1903701
1914958
1883417
1917441
1902662
1916012
1912910
1911020
1915919
1894271
1915520
1914738
1870260
1907632
1905185
1910775
1877951
1904322
1913311
1905226
1877607
1910003
1902822
1911875
1877947
1908627
1911247
1911905
1904157
1901502
1858263
1810409
1806722
1802033
1790546
1778323
1784872
1764347
1763005
1758648
1759520
1731346
1736563
1728914
1721998
1710891
1715157
1709585
1700222
1701981
1689361
1677706
1677429
1668362
1658637
1645460
1638493
1617047
1617867
1609711
1607812
1604125
1596053
1574985
1564743
1548479
1546262
1524570
1512994
1517321
1518910
1511106
1501684
1496276
1489578
1491905
1485125
1479316
1471909
1473828
1467482
1469754
1465276
1458424
1452301
1455930
1448306
1445268
1446417
1446294
1429763
1433042
1430575
1431911
1423144
1411027
1408840
1411626
1407362
1403422
1400397
1390013
1395574
1393649
1381019
1358644
1357025
1350871
1327387
1301463
1306458
1305725
1296926
1282505
1276474
1270174
1262379
1251346
1250351
1253094
1219494
1206006
1224669
1224311
1223893
1222060
1220986
1217958
1216836
1215701
1215178
1213548
1214287
1199051
1200277
1198925
1197499
1193448
1172777
1189228
1179927
1177691
1181597
1174936
1163646
1144953
1145319
1138320
1143436
1137623
1125023
1128061
1109148
1122504
1105322
1106022
1107646
1112951
1105789
1103524
1098787
1079924
1092302
1086147
1081094
1073443
1059825
1052569
1052611
1039617
1044486
1031568
1023902
1022478
1025760
1018435
1023683
1016306
1016813
999804
1008417
1004765
1008514
1005133
984521
982342
983981
979011
974745
969782
967936
971258
957946
962891
956649
935278
949646
946650
942228
936952
936592
929768
936466
930338
917435
915771
917637
915950
911607
887509
898084
891015
890787
887240
851130
871995
872368
872391
874019
869298
864697
855927
862550
859456
827816
819293
826075
823936
820539
815250
811184
810642
802682
798101
803783
800832
792539
792944
790966
793976
783412
792553
781980
783305
782661
777079
777164
771151
771148
745147
764073
758118
745755
744949
753626
744912
754634
746468
745637
746690
742529
745869
734517
723600
726913
732017
723348
721279
709776
717776
698528
699279
709735
708266
704391
711765
711597
707269
702143
702047
692215
689904
685228
688692
683001
684618
674501
678646
681737
667293
673462
676868
676858
666047
665829
661727
665693
660570
662676
662469
655709
653827
635135
645716
635057
645237
640076
642019
629923
639277
628004
629641
627540
621659
618847
617746
619151
622892
618946
619279
616066
619344
619109
602727
606488
610382
603737
603365
596238
606240
609830
598668
604706
594281
593139
601612
602434
600334
581657
595688
594303
588628
594246
593468
575554
578697
587729
579668
585421
579433
583832
577086
577639
578846
571061
579069
576826
576775
572324
568965
565112
566972
561122
573807
573623
573446
559516
570572
566213
571301
564373
559146
559542
547938
560885
563333
558035
555702
557253
550443
550601
549886
552233
550820
554042
550238
544678
544357
548240
544386
534087
537607
540570
543299
535266
519561
536831
531787
531648
521402
530324
527237
529725
527222
524714
520029
524676
522398
517536
520522
510012
520435
508183
516070
518775
518482
515806
512349
514762
513211
511504
502123
511078
510280
508683
509891
509800
509145
507320
505636
504084
505865
503852
491970
500610
502028
499209
483185
495612
496576
498057
497593
496164
496290
496153
494376
495280
494805
493077
492846
482967
492353
491096
485735
490985
489982
488559
461301
478497
471962
487334
487329
481990
474944
470571
474845
480814
471959
470132
463381
471310
468627
454179
450490
452024
455118
458087
442621
450016
447798
445084
428082
434158
439434
435326
436411
432602
426364
432052
428197
420032
410857
409871
412312
424509
411809
407787
418316
414926
414896
405060
409992
412085
410348
403390
403401
404131
393033
398306
404692
398098
394287
388574
382905
388960
384524
379696
383698
382548
370918
380153
374059
375869
371800
368557
359234
349907
362545
357677
357898
364823
366281
361555
354050
352471
364578
350524
361324
349915
358431
345022
356812
358805
345322
351076
339938
348176
339207
337128
345105
337453
338866
336161
339143
342066
337327
329348
330854
327315
327782
327802
327554
327796
328405
327794
327790
319703
323195
314053
320955
314546
318010
321137
321984
311608
311846
313000
313403
313632
300237
303186
308813
308809
308801
299597
296218
295614
295612
291887
297576
293134
287740
292471
288625
290483
288623
288621
288619
292455
288611
288605
280375
285945
275510
278249
280295
276483
276184
270347
275205
269210
274268
270914
266934
267450
259872
267446
267443
267439
262502
263363
263358
263350
263346
263343
259699
260566
259632
262459
245649
259561
252442
243571
246521
248560
246670
246486
248566
246474
246466
246517
246667
248757
249915
246450
246445
235268
243199
237280
231951
239393
239540
229760
229738
229722
229694
227458
227457
227442
213679
227434
227431
225672
219838
219977
221361
220439
206828
216456
207454
216509
212962
213827
211250
203563
205442
199752
202271
199227
199222
199357
199200
199789
205779
199268
199787
199265
197613
196312
198841
187687
188630
174386
180273
177135
176966
179164
177821
181705
175939
179647
177965
175718
165471
152591
165646
165603
161515
160156
161509
160147
162131
160144
160137
160142
157002
152585
155267
152515
148133
148137
147943
143277
134228
143968
133797
139406
138762
139249
135751
136162
122653
122267
113744
113504
101187
99422
95466
91640
91223
81161
81155
81140
72872
37802
33395
28273
26903
14586
6003
